#   _RAJ2000      _DEJ2000   Cl  Name         f   Vmag  E(B-V) (B-V)0 (V-K)0  Teff    logg    Vt   [M/H]   <RV>   B No  Ne   Na   Nw SN3950 LiI-6707   Simbad     _RA        _DE   
    deg          deg                           mag     mag    mag    mag     K  [cm/s2]   km/s   [-]    km/s                                                  deg        deg   
060.9004167  -12.8280556  SG  CS 22169-008    14.99   0.057   0.37   1.27  5810    3.60   1.30  -2.59   184.2  0  1  44  251  262    100    -0.03  Simbad  060.90042  -12.82806
063.0578500  -12.0847472  RG  CS 22169-035    12.88   0.043   0.89   2.41  4480    0.50   1.70  -3.12    14.5  1  3  47  274  277     75     0.14  Simbad  063.05785  -12.08475
032.3512500  -10.5708333  SG  CS 22171-031    13.93   0.023   0.37   1.22  6010    3.70   1.35  -2.42    38.8  0  1  44  233  239     60    -0.04  Simbad  032.35125  -10.57083
032.0025000  -09.0616667  SG  CS 22171-037    14.93   0.020   0.33   1.11  6110    3.65   1.60  -3.35  -261.3  1  2  46  164  164     95    -0.03  Simbad  032.00250  -09.06167
052.6889625  -10.6194083  RG  CS 22172-029    14.36   0.056  99.99   1.81  4960    1.90   1.30  -2.70   -75.0  2  2  47  273  275     80     0.07  Simbad  052.68896  -10.61941
020.1129167  -08.7872222  SG  CS 22174-020    15.06   0.040   0.36   1.18  5840    3.55   1.40  -3.02   127.5  0  2  44  171  173     65    -0.03  Simbad  020.11292  -08.78722
061.9187500  -25.0444444  SG  CS 22177-009    14.27   0.044   0.36   1.20  5940    3.55   1.25  -3.37  -208.0  1  2  41  164  177     80    -0.03  Simbad  061.91875  -25.04444
062.5016667  -25.7450000  SG  CS 22177-010    14.31   0.050   0.35   1.25  6050    3.70   1.50  -2.88   93.01  2  3  43  198  203     90    -0.04  Simbad  062.50167  -25.74500
023.5104167  -12.6985556  SG  CS 22180-014    13.58   0.021   0.41   1.38  5780    3.55   1.50  -2.90    43.9  0  1  45  242  252     60    -0.02  Simbad  023.51042  -12.69856
065.7936667  -30.6178333  SG  CS 22182-033    14.67   0.033   0.41   1.41  5810    3.60   1.30  -2.47   247.5  0  1  38  203  227     85    -0.04  Simbad  065.79367  -30.61783
065.6255833  -27.5806944  SG  CS 22182-047    13.24   0.047   0.43   1.43  5640    3.60   1.05  -1.99    39.3  0  1  47  299  301     80    -0.04  Simbad  065.62558  -27.58069
017.2711583  -04.7225417  RG  CS 22183-031    13.62   0.039   0.63   1.93  4850    1.60   1.55  -3.50     8.0  2  1  48  255  253     75     0.09  Simbad  017.27116  -04.72254
049.4002042  -15.2896444  RG  CS 22185-007    13.34   0.047   0.64   2.08  4730    1.30   1.55  -3.02   102.0  0  1  47  308  313     60     0.11  Simbad  049.40020  -15.28964
063.4884167  -36.7737500  SG  CS 22186-002    13.77   0.014   0.40   1.33  5500    3.35   1.15  -2.50   341.8  1  2  45  257  269    100    -0.02  Simbad  063.48842  -36.77375
064.0927500  -34.2993333  SG  CS 22186-017    13.53   0.021   0.41   1.35  5770    3.55   1.30  -2.90   303.2  1  2  43  246  252     90    -0.02  Simbad  064.09275  -34.29933
064.9397333  -36.8599778  RG  CS 22186-023    12.84   0.022   0.66   1.96  4820    1.55   1.60  -2.89    52.0  1  2  47  279  292     90     0.10  Simbad  064.93973  -36.85998
040.4265625  -13.4695917  RG  CS 22189-009    14.06   0.025   0.73   2.19  4540    0.60   1.65  -3.85   -20.4  1  1  45  245  263    100     0.13  Simbad  040.42656  -13.46959
071.9270000  -39.1240028  HB  CS 22191-029    14.05   0.019   0.39   1.39  5810    1.55   2.80  -2.94    76.3  1  2  46  195  199     90     0.05  Simbad  071.92700  -39.12400
222.7212542  -20.8104806  SG  CS 22871-104    14.91   0.116   0.31   1.04  6370    4.00   1.40  -2.06  -135.4  0  1  38  151  157     40    -0.05  Simbad  222.72125  -20.81048
247.3362500  -03.0816667  SG  CS 22872-102    13.65   0.231   0.36   1.40  6020    3.65   1.40  -2.82   -59.1  1  1  43  222  227     70    -0.03  Simbad  247.33625  -03.08167
298.0229167  -61.6266667  SG  CS 22873-072    14.64   0.066   0.34   1.14  6030    3.70   1.40  -2.86   -83.9  1  2  44  174  182     65    -0.03  Simbad  298.02292  -61.62667
301.7658000  -58.5826444  RG  CS 22873-128    13.05   0.036   0.66   2.08  4710    1.20   1.65  -3.24   205.7  1  1  47  276  283     70     0.12  Simbad  301.76580  -58.58264
222.2405958  -24.3542972  SG  CS 22874-123    14.70   0.105   0.34   1.24  6240    3.80   1.65  -2.61   105.0  0  1  40  147  160     55    -0.05  Simbad  222.24060  -24.35430
337.3545833  -38.9631944  HB  CS 22875-029    13.69   0.013   0.39   1.39  5990    1.85   2.80  -2.69    72.9  1  2  39  159  166    110     0.05  Simbad  337.35458  -38.96319
001.2185417  -34.2270278  SG  CS 22876-040    15.09   0.015   0.39   1.20  6090    3.80   1.45  -2.21  -189.9  0  1  41  248  252     60    -0.04  Simbad  001.21854  -34.22703
198.4807375  -12.1948861  RG  CS 22877-001    12.16   0.057   0.71   2.01  4790    1.45   1.55  -3.24  167.23  2  4  44  257  267    150     0.10  Simbad  198.48074  -12.19489
198.6666667  -09.5975000  RG  CS 22877-011    13.86   0.038   0.56   1.88  4950    1.90   1.45  -3.12   230.3  1  4  42  273  280    110     0.06  Simbad  198.66667  -09.59750
198.4385833  -09.2619722  SG  CS 22877-015    13.23   0.040   0.36   1.23  6150    3.85   1.30  -2.00    85.6  0  2  40  212  222     70    -0.05  Simbad  198.43858  -09.26197
200.8797417  -12.5869778  SG  CS 22877-051    14.26   0.051   0.29   1.19  6050    3.70   1.50  -2.77   291.7  1  3  45  226  232    105    -0.04  Simbad  200.87974  -12.58698
248.4537500  +07.8941667  SG  CS 22878-002    14.36   0.076   0.37   1.24  5850    3.55   1.30  -3.10  -190.1  0  2  37  173  187     80    -0.03  Simbad  248.45375  +07.89417
249.3983333  +10.3688889  SG  CS 22878-027    14.41   0.067   0.37   1.26  5820    3.55   1.20  -2.97   -91.1  1  2  40  197  204     60    -0.03  Simbad  249.39833  +10.36889
251.3810083  +08.2459583  RG  CS 22878-101    13.73   0.100   0.75   2.21  4650    1.05   1.90  -3.30 -109.98  2  1  47  250  254     60     0.13  Simbad  251.38101  +08.24596
309.3084583  -41.0426389  SG  CS 22879-012    14.72   0.035   0.35   1.22  6020    3.65   1.25  -2.81   -50.4  0  2  43  182  191    120    -0.03  Simbad  309.30846  -41.04264
309.7158625  -38.6129583  SG  CS 22879-029    14.43   0.042   0.38   1.19  5920    3.70   1.30  -2.35  -131.6  3  8  43  214  219    110    -0.03  Simbad  309.71586  -38.61296
310.6520000  -39.3081667  SG  CS 22879-051    13.89   0.039   0.35   1.16  6190    3.75   1.50  -2.85   -43.0  0  1  43  173  183     65    -0.03  Simbad  310.65200  -39.30817
312.5348333  -38.7155000  SG  CS 22879-094    15.20   0.046   0.37   1.33  5820    3.60   1.35  -2.81    47.6  0  1  43  187  194     65    -0.03  Simbad  312.53483  -38.71550
312.1940000  -38.5137222  HB  CS 22879-097    14.22   0.048   0.41   1.47  5640    1.55   2.55  -2.64    26.4  0  1  40  198  204     60     0.05  Simbad  312.19400  -38.51372
311.7922083  -37.4479444  HB  CS 22879-103    14.30   0.045   0.44   1.52  5720    1.60   2.55  -2.15   -31.0  1  2  42  178  184     95     0.05  Simbad  311.79221  -37.44794
312.2820833  -21.5816667  SG  CS 22880-067    15.08   0.083   0.43   1.36  5570    3.35   1.05  -3.37  -183.0  0  1  37  122  129     50    -0.01  Simbad  312.28208  -21.58167
311.4479167  -18.5580556  RG  CS 22880-086    14.41   0.067   0.57   1.94  4960    1.90   1.40  -3.25  -112.2  0  1  41  247  253     60     0.06  Simbad  311.44792  -18.55806
330.7524167  -41.2406389  SG  CS 22881-032    15.23   0.015   0.36   1.25  5430    3.20   1.25  -3.10   -29.3  0  1  41  137  143     30     0.00  Simbad  330.75242  -41.24064
331.9934750  -40.7379000  SG  CS 22881-036    13.93   0.014   0.44   1.21  5940    3.70   1.10  -2.37    43.7  1  3  43  203  207     65    -0.03  Simbad  331.99347  -40.73790
332.3975833  -40.4308889  HB  CS 22881-039    15.14   0.014   0.38   1.46  6170    2.05   2.80  -2.79   74.01  2  2  37  151  157     85     0.03  Simbad  332.39758  -40.43089
334.1543750  -40.7350000  SG  CS 22881-070    14.39   0.011   0.36   1.19  6020    3.70   1.35  -2.73  -115.9  0  1  43  209  217     80    -0.03  Simbad  334.15437  -40.73500
005.1054167  -31.6511111  HB  CS 22882-001    14.82   0.018   0.38   1.46  5930    1.90   3.00  -2.62    26.5  1  2  42  199  202     85     0.05  Simbad  005.10542  -31.65111
005.4994583  -29.4906944  SG  CS 22882-006    14.14   0.023   0.39   1.35  5800    3.60   1.35  -2.66   -81.5  0  1  45  205  212     60    -0.03  Simbad  005.49946  -29.49069
007.5937917  -27.5908889  SG  CS 22882-012    15.26   0.015   0.46   1.18  6290    3.80   1.40  -2.75    -0.2  0  1  43  197  204     70    -0.04  Simbad  007.59379  -27.59089
007.5835000  -30.3495556  SG  CS 22882-030    14.83   0.017   0.36   1.34  5580    3.40   1.10  -3.14    21.6  0  2  41  149  154     55    -0.01  Simbad  007.58350  -30.34956
216.0809583  +11.4906389  HB  CS 22883-037    14.73   0.028   0.52   1.28  5800    1.50   3.15  -1.97  -262.8  0  2  41  169  174     60     0.04  Simbad  216.08096  +11.49064
233.5934583  -08.5611389  SG  CS 22884-020    14.95   0.110   0.35   1.12  6040    3.75   1.45  -2.27    29.2  1  3  44  232  237     65    -0.04  Simbad  233.59346  -08.56114
237.4879167  -09.2363889  SG  CS 22884-108    14.24   0.135   0.37   1.28  6320    3.75   1.20  -3.21   -27.0  2  1  40  162  169     60    -0.04  Simbad  237.48792  -09.23639
304.5331667  -38.0992222  SG  CS 22885-040    15.24   0.056   0.34   1.29  6160    3.75   1.45  -2.60    73.2  1  2  44  205  212     80    -0.04  Simbad  304.53317  -38.09922
305.2132083  -39.8917222  RG  CS 22885-096    13.33   0.056   0.63   2.09  4580    0.75   1.75  -4.21  -249.1  1  1  44  213  216     75     0.12  Simbad  305.21321  -39.89172
307.5803333  -37.7047500  SG  CS 22885-203    14.23   0.046   0.36   1.27  5820    3.60   1.30  -2.57   -33.9  0  1  44  208  220     60    -0.03  Simbad  307.58033  -37.70475
333.4674000  -10.7836028  SG  CS 22886-003    14.60   0.043   0.37   1.18  5970    3.65   1.40  -2.87   -91.9  1  2  43  215  222     60    -0.02  Simbad  333.46740  -10.78360
333.3570833  -08.7288889  SG  CS 22886-012    14.52   0.049   0.42   1.37  5650    3.50   1.45  -2.61   -56.9  1  2  44  186  191     60    -0.03  Simbad  333.35708  -08.72889
333.0125000  -08.7627778  HB  CS 22886-013    13.65   0.050   0.19   0.73  6200    1.75   2.95  -2.60   -40.7  0  1  44  206  212     55     0.04  Simbad  333.01250  -08.76278
335.0475417  -09.6943056  SG  CS 22886-044    14.23   0.050   0.46   1.45  5730    3.75   1.20  -1.65  -130.1  1  2  43  253  257     60    -0.04  Simbad  335.04754  -09.69431
346.1551250  -36.6660833  SG  CS 22888-002    14.70   0.018   0.40   1.36  5700    3.50   1.30  -2.91    35.4  0  1  45  224  226     60    -0.02  Simbad  346.15512  -36.66608
346.0647083  -33.4957778  SG  CS 22888-014    14.44   0.021   0.38   1.21  6020    3.70   1.35  -2.69  -128.6  1  2  45  214  223     60    -0.04  Simbad  346.06471  -33.49578
347.8852917  -35.4452500  SG  CS 22888-031    14.90   0.014   0.40   1.28  5810    3.50   1.25  -3.41  -124.8  0  2  43  157  167    100    -0.02  Simbad  347.88529  -35.44525
350.0827083  -33.7630278  HB  CS 22888-047    14.61   0.019   0.38   1.44  5950    1.90   3.00  -2.54  -158.3  1  2  42  202  204     95     0.05  Simbad  350.08271  -33.76303
206.3754458  -09.7863917  SG  CS 22889-050    14.28   0.055   0.32   1.19  5920    3.60   1.40  -2.84   217.1  0  1  39  153  162     65    -0.02  Simbad  206.37545  -09.78639
228.3370833  +02.2500000  SG  CS 22890-011    14.61   0.045   0.33   1.15  6010    3.70   1.25  -2.47  -128.7  1  2  43  230  236     65    -0.04  Simbad  228.33708  +02.25000
229.0225000  -00.0660556  RG  CS 22890-024    13.41   0.054   0.52   1.82  5320    2.95   1.25  -2.58   228.7  1  2  42  268  276     85     0.01  Simbad  229.02250  -00.06606
229.3916667  +02.7583333  SG  CS 22890-064    14.70   0.043   0.35   1.16  5960    3.60   1.30  -3.20   -88.5  0  1  41  160  167     65    -0.03  Simbad  229.39167  +02.75833
291.5513208  -60.5684139  HB  CS 22891-184    13.83   0.071   0.43   1.45  5530    1.60   2.05  -2.67    26.5  1  1  41  238  245     60     0.05  Simbad  291.55132  -60.56841
293.8295000  -61.7067778  RG  CS 22891-200    13.93   0.079   0.78   2.30  4490    0.50   1.70  -3.88   137.2  1  1  43  232  242     65     0.13  Simbad  293.82950  -61.70678
295.5090000  -61.0624167  RG  CS 22891-209    12.17   0.078   0.75   2.33  4620    0.95   1.80  -3.26    80.7  1  1  46  269  274     60     0.13  Simbad  295.50900  -61.06242
293.7941667  -59.6988889  RG  CS 22891-221    14.43   0.076   0.48   1.62  5290    2.80   1.85  -3.48    35.8  0  1  45  207  213     95     0.02  Simbad  293.79417  -59.69889
331.9287500  -15.2505556  SG  CS 22892-025    14.03   0.032   0.36   1.21  6140    3.75   1.45  -2.66   170.0  0  1  44  217  219     65    -0.04  Simbad  331.92875  -15.25056
334.2569042  -16.6575417  RG  CS 22892-052    13.21   0.031   0.77   2.19  4690    1.15   1.50  -3.16    13.0  1  2  48  274  274    150     0.12  Simbad  334.25690  -16.65754
343.4620833  -09.9875000  RG  CS 22893-005    14.22   0.041   0.49   1.66  5260    2.75   1.30  -2.93   -68.9  0  1  43  250  257     60     0.01  Simbad  343.46208  -09.98750
344.5483333  -11.9458333  RG  CS 22893-010    14.74   0.038   0.55  99.99  5150    2.45   1.35  -2.93   -26.0  2  1  42  245  256     45    -0.07  Simbad  344.54833  -11.94583
345.2179167  -10.5900000  SG  CS 22893-011    14.54   0.041   0.39   1.29  6010    3.75   1.40  -2.27  -115.6  0  1  37  199  204     60    -0.05  Simbad  345.21792  -10.59000
353.1648042  -00.9367861  SG  CS 22894-004    14.17   0.043   0.37   1.25  5920    3.65   1.50  -2.65    -4.5  0  1  44  181  187     55    -0.03  Simbad  353.16480  -00.93679
354.8287500  +00.0616667  SG  CS 22894-019    13.92   0.035   0.41   1.32  5930    3.60   1.25  -3.04    30.9  1  1  41  206  212    110    -0.03  Simbad  354.82875  +00.06167
354.3274375  -02.1412000  SG  CS 22894-023    13.75   0.035   0.37   1.27  5980    3.65   1.40  -2.82  -328.1  0  1  41  179  186    115    -0.03  Simbad  354.32744  -02.14120
357.4687500  -01.9638889  MS  CS 22894-049    14.46   0.030   0.42   1.35  5870    3.90   1.15  -2.83    -5.6  0  1  42  195  202     60    -0.05  Simbad  357.46875  -01.96389
289.6900000  -55.4119444  RG  CS 22896-015    14.85   0.058   0.35  99.99  5080    2.25   1.25  -2.84    53.1  0  1  45  276  279     60     0.05  Simbad  289.69000  -55.41194
292.4325000  -53.9908333  HB  CS 22896-055    13.53   0.050   0.38   1.44  5970    1.85   3.15  -2.51   -73.5  1  2  43  231  232     80     0.05  Simbad  292.43250  -53.99083
293.9500417  -53.4378861  HB  CS 22896-110    13.56   0.060   0.47   1.62  5380    1.15   2.25  -2.86    84.3  1  2  48  267  267     80     0.11  Simbad  293.95004  -53.43789
293.7711208  -52.7865833  SG  CS 22896-115    14.13   0.058   0.36   1.27  5910    3.65   1.20  -2.72     7.1  1  2  43  236  245    140    -0.04  Simbad  293.77112  -52.78658
294.9720833  -54.1725000  SG  CS 22896-136    14.71   0.059   0.35   1.14  6190    3.85   1.40  -2.19   -17.5  1  6  44  229  233    120    -0.04  Simbad  294.97208  -54.17250
315.7970833  -65.0875000  RG  CS 22897-008    13.33   0.033   0.66   2.24  4550    0.70   1.70  -3.73   266.5  1  1  47  254  256     60     0.13  Simbad  315.79708  -65.08750
317.6532083  -21.7477222  HB  CS 22898-043    14.06   0.050   0.38   1.28  6160    2.15   3.10  -2.80   113.2  1  3  45  205  210    120     0.04  Simbad  317.65321  -21.74772
316.4979167  -21.1147222  RG  CS 22898-047    14.24   0.059   0.50   1.74  5150    2.40   1.40  -3.45   -50.0  2  2  39  240  245    135     0.04  Simbad  316.49792  -21.11472
318.6692500  -37.4143889  HB  CS 22937-072    14.02   0.041   0.49   1.69  5500    1.75   2.05  -2.71  -143.8  0  2  40  239  245     85     0.07  Simbad  318.66925  -37.41439
310.6635417  -61.6775278  HB  CS 22940-070    14.87   0.055   0.42   1.41  6130    1.85   3.00  -1.46    78.5  0  1  37  178  179     80     0.03  Simbad  310.66354  -61.67753
310.3904583  -59.8431111  HB  CS 22940-077    14.13   0.070   0.46   1.72  5350    1.35   2.00  -3.10    41.0  0  1  42  229  239     50     0.10  Simbad  310.39046  -59.84311
313.7952917  -58.0153333  HB  CS 22940-121    14.16   0.053   0.50   1.75  5200    1.15   1.95  -3.13   -31.1  1  2  41  229  231     95     0.11  Simbad  313.79529  -58.01533
353.2090833  -33.9904167  RG  CS 22941-017    15.00   0.021   0.54   1.84  5070    2.20   1.45  -3.08   106.9  0  1  48  276  278     60     0.05  Simbad  353.20908  -33.99042
353.7420417  -36.8682500  HB  CS 22941-027    14.05   0.016   0.33   1.26  6050    1.70   3.15  -2.71   -93.6  1  2  40  194  200     95     0.05  Simbad  353.74204  -36.86825
011.6494833  -24.7172917  RG  CS 22942-002    13.79   0.021   0.59   1.77  5010    2.00   1.55  -3.53  -160.2  1  2  44  300  307    160     0.06  Simbad  011.64948  -24.71729
013.5541667  -25.0760833  RG  CS 22942-011    12.94   0.017   0.61   2.01  4930    1.85   1.25  -2.83    10.7  0  1  47  283  285     65     0.07  Simbad  013.55417  -25.07608
015.9894583  -23.8792500  RG  CS 22942-035    14.56   0.021   0.59   1.96  4940    1.85   1.50  -2.99   -94.2  1  2  42  294  301     65     0.07  Simbad  015.98946  -23.87925
304.7527500  -43.2896667  SG  CS 22943-059    14.40   0.041  99.99   0.97  5810    3.60   1.15  -2.64   239.5  0  1  42  196  201    105    -0.02  Simbad  304.75275  -43.28967
306.8748792  -46.8489639  SG  CS 22943-095    11.71   0.033   0.32   1.16  6140    3.80   1.35  -2.44  -149.4  0  1  45  235  241     70    -0.05  Simbad  306.87488  -46.84896
305.7121333  -43.2276083  SG  CS 22943-132    13.31   0.043   0.37   1.25  5850    3.60   1.40  -2.67    18.9  0  1  44  246  251     75    -0.03  Simbad  305.71213  -43.22761
306.6208208  -43.0118611  RG  CS 22943-137    14.45   0.038   0.37   1.42  5400    3.10   1.20  -3.39   -31.1  1  2  44  180  182     65    -0.02  Simbad  306.62082  -43.01186
309.1170833  -43.8247222  HB  CS 22943-201    15.98   0.037   0.33   2.12  5970    2.45   1.60  -2.69    36.7  1  4  43  190  196     85     0.02  Simbad  309.11708  -43.82472
325.3008333  -14.5575000  SG  CS 22944-014    14.18   0.057   0.37   1.29  6020    3.70   1.30  -2.62  -381.2  0  1  42  229  235     65    -0.04  Simbad  325.30083  -14.55750
326.9301250  -13.6730000  RG  CS 22944-032    13.28   0.043   0.55   1.84  5090    2.30   1.45  -3.15    19.0  1  3  48  286  288    150     0.04  Simbad  326.93012  -13.67300
327.5762500  -13.7566667  SG  CS 22944-061    14.35   0.046   0.38   1.34  5920    3.60   1.50  -2.95   157.3  0  1  43  218  219     60    -0.03  Simbad  327.57625  -13.75667
350.2308333  -63.2619444  SG  CS 22945-017    14.43   0.020   0.37   1.12  6080    3.70   1.25  -2.73   101.8  0  1  41  142  147     60    -0.03  Simbad  350.23083  -63.26194
354.1770417  -65.5954722  RG  CS 22945-024    14.36   0.026   0.69   1.86  5120    2.35   1.15  -2.59   148.2  0  1  40  160  160     55     0.05  Simbad  354.17704  -65.59547
352.8064625  -66.4993889  RG  CS 22945-028    14.64   0.025   0.66   1.92  4900    1.75   1.50  -2.89   389.0  0  1  46  295  297     60     0.08  Simbad  352.80646  -66.49939
356.8832500  -67.5099722  SG  CS 22945-031    14.77   0.022   0.36   1.18  5820    3.55   1.35  -3.03   196.4  0  1  40  170  176     65    -0.02  Simbad  356.88325  -67.50997
358.3325000  -65.4943056  HB  CS 22945-056    14.09   0.020   0.38   1.42  6000    1.75   3.45  -2.83   222.5  0  1  41  175  180     60     0.05  Simbad  358.33250  -65.49431
358.1575083  -66.0837944  SG  CS 22945-058    14.96   0.023   0.34   1.21  5990    3.65   1.55  -2.71    23.4  1  2  42  163  168     60    -0.03  Simbad  358.15751  -66.08379
000.6512500  -65.7566667  HB  CS 22945-063    14.55   0.022  99.99   1.55  5730    1.70   2.55  -2.84   167.8  0  1  44  218  228     60     0.05  Simbad  000.65125  -65.75667
289.6317958  -47.2253278  HB  CS 22947-187    12.96   0.064   0.58   1.76  5300    1.40   1.85  -2.58  -251.2  1  1  44  254  256     75     0.09  Simbad  289.63180  -47.22533
326.2132125  -37.4652750  RG  CS 22948-066    13.47   0.025   0.61   1.96  4830    1.55   2.00  -3.18  -171.0  1  2  43  268  271     60     0.09  Simbad  326.21321  -37.46527
327.6313333  -41.1303611  SG  CS 22948-093    15.18   0.016   0.34   1.14  6540    3.85   1.15  -3.42  395.26  2  4  39  109  117     85    -0.05  Simbad  327.63133  -41.13036
350.3445833  -03.7644444  SG  CS 22949-030    13.85   0.045   0.38   1.21  5890    3.60   1.40  -2.88   -85.6  0  1  41  180  188     60    -0.03  Simbad  350.34458  -03.76444
351.6242000  -02.6660944  RG  CS 22949-037    14.36   0.051   0.74   2.14  4630    0.95   1.70  -4.20  -125.4  1  2  42  175  181     65     0.13  Simbad  351.62420  -02.66609
351.5308833  -05.8352083  RG  CS 22949-048    13.67   0.036   0.80   2.29  4620    0.95   1.70  -3.37  -160.8  1  1  43  290  299     65     0.13  Simbad  351.53088  -05.83521
305.3683167  -13.2760028  RG  CS 22950-046    14.22   0.062  99.99   2.46  4380    0.50   1.80  -3.64   108.8  1  1  42  209  214     55     0.16  Simbad  305.36832  -13.27600
326.4441667  -46.0858333  SG  CS 22951-005    14.90   0.017   0.37   1.15  5950    3.65   1.30  -2.67   231.9  0  2  45  213  214     70    -0.03  Simbad  326.44417  -46.08583
327.6083333  -44.8130556  RG  CS 22951-059    14.44   0.017   0.54   1.70  5120    2.35   1.50  -2.83    88.2  1  2  45  281  283     65     0.04  Simbad  327.60833  -44.81306
329.4717250  -43.1356056  HB  CS 22951-077    13.61   0.016   0.48   1.72  5290    1.45   1.85  -2.54   108.9  1  2  43  281  281     95     0.09  Simbad  329.47172  -43.13561
354.3695583  -05.7990639  RG  CS 22952-015    13.27   0.035   0.78   2.26  4500    0.55   1.75  -3.68   -17.9  1  1  43  256  264     70     0.13  Simbad  354.36956  -05.79906
015.5660750  -61.7293889  RG  CS 22953-003    13.77   0.017   0.67   2.08  4860    1.65   1.45  -3.00   208.3  1  1  49  284  285     65     0.09  Simbad  015.56607  -61.72939
021.2777042  -59.2668611  SG  CS 22953-037    13.64   0.028   0.34   1.11  6150    3.70   1.65  -3.05  -162.5  1  2  44  181  189    110    -0.04  Simbad  021.27770  -59.26686
039.5625000  -05.7219444  SG  CS 22954-004    14.27   0.028   0.39   1.26  5810    3.55   1.30  -2.78   -10.5  0  1  44  227  229    105    -0.03  Simbad  039.56250  -05.72194
039.8401375  -02.4936917  SG  CS 22954-015    13.03   0.031   0.42   1.23  5930    3.75   1.30  -1.97   -50.0  0  1  43  234  238     60    -0.05  Simbad  039.84014  -02.49369
308.1103333  -25.1404167  BS  CS 22955-110    13.61   0.052   0.29   0.92  6710    3.45   1.90  -1.39     3.8  3  1  39  260  262    115    -0.04  Simbad  308.11033  -25.14042
310.5210000  -23.8201944  HB  CS 22955-174    14.38   0.049   0.45   1.48  5520    1.35   2.20  -3.10    -9.3  1  3  43  242  248    115     0.10  Simbad  310.52100  -23.82019
327.5850000  -64.8175000  SG  CS 22956-015    14.19   0.042   0.35   1.21  5960    3.70   1.35  -2.48   -33.6  0  1  42  190  197     60    -0.04  Simbad  327.58500  -64.81750
325.8545833  -64.2455556  SG  CS 22956-021    14.70   0.038   0.34   1.19  6020    3.70   1.20  -2.51    40.0  0  1  44  219  226     65    -0.04  Simbad  325.85458  -64.24556
329.5243292  -65.2242056  RG  CS 22956-050    14.25   0.034   0.74   2.14  4640    1.00   1.75  -3.57     0.2  1  2  42  252  258     60     0.13  Simbad  329.52433  -65.22421
331.8583333  -66.1511111  SG  CS 22956-062    14.84   0.033   0.44   1.40  5540    3.40   1.65  -2.76   187.9  0  2  42  204  211     60    -0.02  Simbad  331.85833  -66.15111
331.0495833  -62.8469444  SG  CS 22956-081    15.18   0.029   0.35   1.26  6310    3.80   1.65  -2.80   244.6  1  2  39  144  152     55    -0.04  Simbad  331.04958  -62.84694
334.1529167  -65.3308333  SG  CS 22956-102    15.10   0.026   0.41   1.26  6220    3.85   1.50  -2.21    -1.0  2  2  32  102  106     55    -0.04  Simbad  334.15292  -65.33083
334.2079167  -66.0863889  SG  CS 22956-106    14.47   0.032   0.35   1.12  6410    3.90   1.75  -2.60  201.07  2  3  44  166  170     60    -0.05  Simbad  334.20792  -66.08639
334.9262500  -66.6902778  HB  CS 22956-110    14.79   0.027   0.36   1.25  6010    1.85   2.85  -3.14   -86.1  0  1  38  138  144     65     0.05  Simbad  334.92625  -66.69028
336.5325000  -65.5527778  RG  CS 22956-114    14.04   0.027   0.57  99.99  4900    1.75   1.85  -2.86   -37.5  0  2  45  275  274     55     0.08  Simbad  336.53250  -65.55278
358.9543958  -05.3813611  RG  CS 22957-013    14.08   0.030   0.70   2.14  4620    0.95   1.55  -3.01  -214.4  0  1  45  271  275     50     0.13  Simbad  358.95440  -05.38136
359.3800000  -06.9511111  SG  CS 22957-019    13.71   0.035   0.38   1.30  6070    3.75   1.25  -2.42   -33.0  1  3  42  282  288    110    -0.03  Simbad  359.38000  -06.95111
000.4395833  -05.8296111  RG  CS 22957-022    13.34   0.033   0.58   1.94  4860    1.65   1.55  -3.17   -31.6  1  1  43  251  255     60     0.09  Simbad  000.43958  -05.82961
359.6437500  -04.5552778  SG  CS 22957-024    14.30   0.032   0.35   1.19  6160    3.75   1.35  -2.81   -67.4  0  2  41  180  189    115    -0.04  Simbad  359.64375  -04.55528
000.0089167  -04.1190278  SG  CS 22957-026    13.16   0.040   0.40   1.25  6120    3.90   1.35  -1.89   -18.9  1  2  41  291  297     70    -0.05  Simbad  000.00892  -04.11903
359.8047708  -03.8967361  RG  CS 22957-027    13.60   0.039   0.79   1.99  5220    2.65   1.45  -3.00   -67.7  3  1  34   95  104     40     0.03  Simbad  359.80477  -03.89674
000.8800000  -04.7386111  SG  CS 22957-036    14.43   0.038   0.38   1.21  5970    3.75   1.25  -2.09  -154.5  0  1  44  266  275     60    -0.04  Simbad  000.88000  -04.73861
029.6662500  -57.0561111  HB  CS 22958-037    14.91   0.019   0.51   1.66  5770    2.10   2.30  -2.51   209.5  0  1  44  231  232     65     0.04  Simbad  029.66625  -57.05611
030.4362500  -56.7930556  SG  CS 22958-041    15.07   0.024   0.40   1.29  6010    3.65   1.55  -2.88   -76.3  0  1  36  126  132     55    -0.03  Simbad  030.43625  -56.79306
030.2809667  -57.2830056  SG  CS 22958-042    14.52   0.025   0.45   1.24  5760    3.55   0.95  -2.99  151.04  2  3  30   67   76     60    -0.01  Simbad  030.28097  -57.28301
033.1995833  -56.4858333  SG  CS 22958-052    14.22   0.024   0.41   1.14  6090    3.75   1.95  -2.42    88.9  0  1  42  151  153     80    -0.04  Simbad  033.19958  -56.48583
030.7229167  -53.6438889  SG  CS 22958-065    14.48   0.023   0.44   1.24  6020    3.75   1.30  -2.24   105.8  0  1  42  271  277     55    -0.04  Simbad  030.72292  -53.64389
032.6408333  -53.3786111  SG  CS 22958-074    14.80   0.025   0.47   1.31  5800    3.60   1.40  -2.62   319.8  0  1  41  218  224     60    -0.03  Simbad  032.64083  -53.37861
033.9280125  -53.9989417  RG  CS 22958-083    14.42   0.036   0.63   1.93  4900    1.75   1.40  -3.04   174.8  1  1  40  223  226     70     0.08  Simbad  033.92801  -53.99894
282.9483333  -64.4658333  RG  CS 22959-074    14.22   0.093   0.56   1.95  4940    1.90   1.35  -2.49  -135.9  1  2  44  270  270     65     0.07  Simbad  282.94833  -64.46583
283.9750000  -63.1036111  SG  CS 22959-139    14.29   0.059   0.34   1.25  6090    3.75   1.55  -2.45   -27.0  1  2  41  189  202     65    -0.04  Simbad  283.97500  -63.10361
332.1055833  -44.8990444  MS  CS 22960-010    13.81   0.011   0.45   1.21  5280    4.00   1.20  -3.03    47.2  1  2  43  229  235    110    -0.01  Simbad  332.10558  -44.89904
332.8980708  -44.4228861  SG  CS 22960-029    15.05   0.016   0.39   1.36  5890    3.60   1.45  -2.77    43.0  1  3  42  206  207     85    -0.03  Simbad  332.89807  -44.42289
334.2565250  -45.2047083  RG  CS 22960-048    14.96   0.018   0.60   1.95  4770    1.40   1.55  -3.78   -88.6  1  3  42  197  203     60     0.10  Simbad  334.25652  -45.20471
334.0711667  -43.9054833  RG  CS 22960-053    14.95   0.012   0.74   2.16  4860    1.65   1.60  -3.33  298.15  2  2  30  109  113     60     0.09  Simbad  334.07117  -43.90548
336.0005833  -42.5877917  RG  CS 22960-064    13.94   0.017   0.60   1.87  5060    2.20   1.40  -2.77   -86.4  0  1  46  274  277     75     0.05  Simbad  336.00058  -42.58779
044.1920833  -04.8575000  RG  CS 22963-004    14.98   0.052   0.48   1.64  5060    2.15   1.50  -3.85   294.4  1  3  40  147  153     60     0.05  Simbad  044.19208  -04.85750
299.3689583  -40.0009722  SG  CS 22964-115    14.94   0.083   0.35   1.08  6090    3.70   1.40  -2.70  -220.5  1  2  43  179  187     65    -0.03  Simbad  299.36896  -40.00097
300.5297083  -40.3571944  SG  CS 22964-176    15.33   0.078   0.36   1.15  6000    3.70   1.40  -2.46   -60.6  0  2  44  196  205     65    -0.04  Simbad  300.52971  -40.35719
300.3031792  -40.8194194  SG  CS 22964-183    14.45   0.079   0.26   1.20  6010    3.65   1.45  -2.87    80.8  0  1  41  154  156     85    -0.03  Simbad  300.30318  -40.81942
301.4583333  -39.4620278  SG  CS 22964-214    13.66   0.088   0.31   1.11  6180    3.75   1.45  -2.84    41.2  1  1  43  177  182     70    -0.04  Simbad  301.45833  -39.46203
329.2829792  -04.5689944  RG  CS 22965-016    14.05   0.044   0.71   2.16  4770    1.40   1.85  -2.93   -89.8  1  2  44  230  232     50     0.11  Simbad  329.28298  -04.56899
331.6262583  -02.5429000  SG  CS 22965-054    15.07   0.130   0.37   1.27  6050    3.70   1.60  -2.89  -281.9  1  2  40  143  148     55    -0.04  Simbad  331.62626  -02.54290
044.4616667  -56.8513889  SG  CS 22968-001    14.74   0.018   0.37   1.25  5940    3.65   1.30  -2.84   121.5  0  1  37  167  168     90    -0.03  Simbad  044.46167  -56.85139
046.6229583  -54.5090361  RG  CS 22968-014    13.68   0.012   0.74   2.18  4540    0.60   1.75  -3.85   159.0  1  1  46  242  245    120     0.13  Simbad  046.62296  -54.50904
050.2029167  -55.6394444  SG  CS 22968-026    14.24   0.033   0.40   1.39  5850    3.65   1.20  -2.33    79.5  0  1  43  251  254    125    -0.03  Simbad  050.20292  -55.63944
049.1150000  -55.0838889  SG  CS 22968-029    14.29   0.016   0.39   1.35  5760    3.50   1.40  -3.11    83.5  1  2  43  177  183     70    -0.03  Simbad  049.11500  -55.08389
326.8757083  -27.9185833  SG  CS 29493-023    14.59   0.031   0.35   1.22  5980    3.65   1.25  -2.66    45.2  0  1  44  211  214     65    -0.03  Simbad  326.87571  -27.91858
327.3611250  -29.7569167  SG  CS 29493-050    14.39   0.033   0.35   1.10  6270    3.80   1.45  -2.89   -89.7  0  1  43  182  189     65    -0.05  Simbad  327.36112  -29.75692
328.1292083  -28.1603333  SG  CS 29493-062    13.17   0.034   0.43   1.53  5520    3.40   1.15  -2.59     5.9  0  1  43  299  301     95    -0.03  Simbad  328.12921  -28.16033
329.3640833  -30.1341389  SG  CS 29493-094    14.12   0.025   0.35   1.19  6130    3.80   1.55  -2.44  -206.9  0  1  44  213  219     70    -0.04  Simbad  329.36408  -30.13414
323.2050000  -27.5690556  SG  CS 29495-005    14.32   0.035   0.38   1.26  5990    3.75   1.15  -2.26  -144.6  0  1  46  230  230     90    -0.04  Simbad  323.20500  -27.56906
324.7975042  -28.2984639  RG  CS 29495-042    13.61   0.033   0.59   1.65  5180    2.55   1.45  -2.18   -94.8  0  1  34  180  180     80     0.04  Simbad  324.79750  -28.29846
010.1997000  -24.1260861  BS  CS 29497-030    12.66   0.017   0.28   0.88  7000    4.00   1.60  -2.52    45.0  3  2  39  126  129     80    -0.06  Simbad  010.19970  -24.12609
315.9671375  -29.7139556  RG  CS 29498-043    13.72   0.104   1.08   2.78  4440    0.50   1.75  -3.85   -32.3  1  2  37  164  167     70     0.14  Simbad  315.96714  -29.71396
354.9289583  -26.9821389  SG  CS 29499-003    14.29   0.017   0.35   1.09  6080    3.75   1.25  -2.35   -82.4  0  1  44  237  243     70    -0.04  Simbad  354.92896  -26.98214
358.0662500  -25.9718611  SG  CS 29499-058    13.76   0.021   0.37   1.26  6060    3.70   1.45  -2.61   151.6  0  1  42  217  224     85    -0.04  Simbad  358.06625  -25.97186
358.4179167  -26.9789167  SG  CS 29499-060    13.03   0.020   0.35   1.12  6280    3.80   1.30  -2.75   -60.0  2  1  42  219  224    130    -0.05  Simbad  358.41792  -26.97892
316.9687083  -35.2131667  SG  CS 29501-032    14.53   0.093   0.38   1.28  5950    3.65   0.60  -2.71  -138.0  0  1  42  195  201     65    -0.05  Simbad  316.96871  -35.21317
335.6499792  -01.6409806  RG  CS 29502-092    11.87   0.097   0.67   2.00  4820    1.50   1.50  -3.20   -66.6  1  1  45  231  237     50     0.10  Simbad  335.64998  -01.64098
022.7591667  -36.6427778  HB  CS 29504-004    14.34   0.019   0.16   0.58  7500    2.50   1.95  -2.35    63.9  0  1  42  137  144     70    -0.04  Simbad  022.75917  -36.64278
023.0207208  -36.3786000  SG  CS 29504-006    14.39   0.018   0.35   0.99  6150    3.70   1.60  -2.91   -87.3  0  1  39  126  128     65    -0.03  Simbad  023.02072  -36.37860
320.1193750  -20.7730278  SG  CS 29506-007    14.18   0.045   0.33   1.19  5940    3.60   1.50  -2.94    56.9  1  1  44  182  191     75    -0.03  Simbad  320.11937  -20.77303
322.6202917  -22.1781667  SG  CS 29506-090    14.33   0.045   0.36   1.14  5940    3.60   1.35  -3.08   -20.4  1  2  42  181  190    120    -0.03  Simbad  322.62029  -22.17817
012.5657667  -30.9989333  BS  CS 29509-027    12.44   0.022   0.29   0.91  6850    3.50   1.65  -2.42    74.2  3  2  44  219  223    225    -0.04  Simbad  012.56577  -30.99893
337.1529250  -12.4122611  SG  CS 29512-073    14.14   0.051   0.52   1.49  5650    3.60   0.90  -1.93   -75.1  1  2  42  244  246     65    -0.03  Simbad  337.15292  -12.41226
348.8821250  -41.9388333  HB  CS 29513-003    13.52   0.014   0.48   1.67  5480    1.90   1.75  -2.46  -111.2  0  1  47  270  270     80     0.06  Simbad  348.88212  -41.93883
348.6037958  -37.8852694  HB  CS 29513-014    13.80   0.013   0.70   1.50  5440    1.55   2.00  -2.32    38.7  0  1  44  215  216     50     0.08  Simbad  348.60380  -37.88527
348.6376667  -37.6014444  SG  CS 29513-015    14.25   0.017   0.35   1.17  6110    3.75   1.35  -2.51    53.5  0  1  43  229  235     70    -0.04  Simbad  348.63767  -37.60144
351.2972500  -39.9912222  SG  CS 29513-031    15.09   0.020   0.33   0.98  6600    4.00   0.75  -2.59  295.15  2  4  35  126  133     80    -0.06  Simbad  351.29725  -39.99122
350.5795583  -39.7400889  SG  CS 29513-032    14.47   0.019   0.44   1.37  6080    3.85   1.30  -1.91  -215.6  1  2  47  257  260     60    -0.05  Simbad  350.57956  -39.74009
016.6692333  -24.9783472  SG  CS 29514-007    13.97   0.023   0.37   1.25  6400    3.85   1.75  -2.81    40.7  1  1  37  126  134     70    -0.05  Simbad  016.66923  -24.97835
017.4366667  -26.2819444  RG  CS 29514-017    13.55   0.015   0.62   1.62  5270    2.80   1.20  -2.34   -14.1  0  1  46  288  290     65     0.01  Simbad  017.43667  -26.28194
017.3692083  -26.6635000  SG  CS 29514-018    13.34   0.017   0.48   1.17  5990    3.70   1.25  -2.58    74.8  0  1  46  242  244     95    -0.03  Simbad  017.36921  -26.66350
020.4237083  -27.0586944  SG  CS 29514-037    13.95   0.014   0.49   1.22  5970    3.70   1.15  -2.47    -2.8  0  1  41  227  233    145    -0.04  Simbad  020.42371  -27.05869
358.4079583  -17.3861111  SG  CS 29517-018    14.50   0.025   0.41   1.39  5680    3.50   1.55  -2.94   143.0  0  1  43  238  244     70    -0.03  Simbad  358.40796  -17.38611

001.2631167  -16.3680750  SG  CS 29517-042    14.10   0.026   0.36   1.20  6120    3.75   1.40  -2.54   -21.5  0  1  44  283  289    100    -0.04  Simbad  001.26312  -16.36807
059.8494708  -62.1691389  SG  CS 29529-054    14.85   0.039   0.49   1.52  5710    3.55   1.65  -2.75   113.2  1  3  41  177  180     60    -0.03  Simbad  059.84947  -62.16914
234.2808333  +00.5477778  RG  CS 30312-044    13.34   0.083   0.70   2.12  4660    1.05   1.65  -3.19   100.1  0  1  42  250  252     70     0.12  Simbad  234.28083  +00.54778
233.7035292  -01.3936917  RG  CS 30312-059    13.10   0.114   0.69   2.09  4780    1.40   1.65  -3.26  -156.3  1  1  45  294  299     90     0.10  Simbad  233.70353  -01.39369
234.3868625  -01.7314528  HB  CS 30312-062    12.58   0.119   0.21   0.95  6600    2.45   3.00  -2.65    51.6  0  1  42  155  167    190     0.01  Simbad  234.38686  -01.73145
235.8819208  +02.0215056  RG  CS 30312-100    12.92   0.083   0.63   1.81  5040    2.15   1.30  -2.68 -119.45  2  1  46  295  299     90     0.05  Simbad  235.88192  +02.02151
313.2124417  -34.3279222  RG  CS 30314-067    11.85   0.065   1.13   2.82  4320    0.50   1.85  -3.01   145.6  1  1  42  237  237     85     0.18  Simbad  313.21244  -34.32792
004.2421250  -33.8048889  SG  CS 30339-015    15.28   0.017   0.38   1.27  5840    3.60   1.45  -2.86   101.7  0  1  44  198  199    100    -0.03  Simbad  004.24212  -33.80489
006.3402917  -36.5067778  HB  CS 30339-046    15.31   0.016   0.37   1.20  7000    2.55   3.15  -2.69    14.0  2  4  42  127  129     85     0.01  Simbad  006.34029  -36.50678
005.7089167  -34.1224167  HB  CS 30339-052    15.30   0.012   0.48   1.70  5580    2.35   2.10  -2.67    31.1  0  1  39  201  208     55     0.03  Simbad  005.70892  -34.12242
007.5664583  -35.9475556  SG  CS 30339-069    14.74   0.009   0.15   1.27  5900    3.55   1.15  -3.17    12.0  2  1  42  149  156     65    -0.02  Simbad  007.56646  -35.94756
008.7179167  -36.9211111  RG  CS 30339-073    14.75   0.012   0.53   1.95  4830    1.55   1.50  -3.80   163.2  0  2  44  224  229     70     0.09  Simbad  008.71792  -36.92111
316.4801417  -42.1694750  SG  CS 30492-001    14.20   0.031   0.42   1.96  5790    3.65   0.85  -2.35  -116.2  0  1  44  219  226     55    -0.03  Simbad  316.48014  -42.16947
316.2073333  -40.2466389  SG  CS 30492-016    13.89   0.033   0.42   1.40  5570    3.35   1.50  -3.40    67.8  1  2  43  215  220     95    -0.02  Simbad  316.20733  -40.24664
320.4409708  -38.1494278  RG  CS 30492-110    14.63   0.088   0.67   2.13  4660    1.05   1.80  -3.16    44.9  1  2  45  258  259     60     0.13  Simbad  320.44097  -38.14943
349.1283333  -35.5766389  SG  CS 30493-071    13.21   0.021   0.40   1.38  5700    3.55   1.30  -2.46    -6.6  0  1  47  258  259     75    -0.02  Simbad  349.12833  -35.57664
059.7917833  -21.1133278  RG  CS 30494-003    12.33   0.051   0.63   1.80  4930    1.85   1.35  -2.97   -47.0  0  1  43  273  277     60     0.07  Simbad  059.79178  -21.11333
022.3797375  -16.0126333  RG  CS 31082-001    11.67   0.016   0.75   2.16  4650    1.05   1.55  -3.03   138.9  1  1  47  290  290    125     0.13  Simbad  022.37974  -16.01263
310.7031989  -20.0109372  RG  BD-20 6008       9.84   0.043   0.83   2.32  4540    0.65   1.70  -3.05    23.0  1  1  44  246  247     55     0.14  Simbad  310.70320  -20.01094
299.7072422  -18.2030933  RG  BD-18 5550       9.25   0.165   0.75   2.24  4660    1.05   1.60  -3.15  -126.1  1  2  40  256  259     55     0.13  Simbad  299.70724  -18.20309
311.3939444  -14.5208761  RG  BD-15 5781      10.72   0.041  99.99   2.32  4550    0.70   1.70  -2.87   -75.4  1  1  46  289  293    100     0.14  Simbad  311.39394  -14.52088
178.4055083  -02.0102072  RG  BD-01 2582       9.66   0.022  99.99   2.00  4920    1.80   1.50  -2.65    2.51  2  2  44  227  228     55     0.08  Simbad  178.40551  -02.01021
194.8330483  +09.2432328  RG  BD+10 2495       9.72   0.022  99.99   2.09  4890    1.85   1.50  -2.14   258.3  3  2  45  230  246     50     0.08  Simbad  194.83305  +09.24323
090.8119200  +19.3607453  MS  BD+19 1185A      9.32   1.127  99.99  99.99  5440    4.30   1.05  -1.25  -191.6  1  1  42  174  174     65     0.00  Simbad  090.81192  +19.36075
112.6719372  +24.0861800  SG  BD+24 1676      10.82   0.057  99.99   1.13  6140    3.75   1.45  -2.54  -237.6  1  4  43  222  226     75    -0.04  Simbad  112.67194  +24.08618
293.1329578  +26.3905942  SG  BD+26 3578       9.36   0.671  99.99  99.99  6060    3.75   1.30  -2.41  -126.4  1  1  43  204  208     75    -0.04  Simbad  293.13296  +26.39059
195.4684039  +29.1883558  RG  BD+29 2356      11.35   0.013  99.99   2.26  4710    1.75   1.50  -1.62  -207.3  1  1  46  215  215     20     0.14  Simbad  195.46840  +29.18836
036.7072422  +44.9629208  RG  BD+44 493        9.04   0.092  99.99   1.59  5040    2.10   1.35  -4.26  -149.9  1  2  41  162  168     85     0.06  Simbad  036.70724  +44.96292
122.7759825  +79.9082131  RG  BD+80 245    c  10.07   0.026   0.51   1.74  5360    3.15   1.20  -2.01     5.2  1  1  40  191  199     35     0.00  Simbad  122.77598  +79.90821
011.6508117  -37.6593194  RG  CD-38 245       11.97   0.012  99.99   2.29  4520    0.65   1.80  -4.50    46.1  1  2  44  206  213    120     0.13  Simbad  011.65081  -37.65932
041.9060133  -36.1075139  HB  CD-36 1052       9.94   0.025   0.44   1.36  6030    2.05   3.30  -1.86   304.7  1  1  45  234  237     85     0.04  Simbad  041.90601  -36.10751
014.6827917  -30.0993636  RG  CD-30 298       10.78   0.024  99.99   1.89  4810    1.50   1.55  -3.72    28.2  1  1  48  281  287     90     0.09  Simbad  014.68279  -30.09936
054.6728511  -24.0473044  RG  CD-24 1782       9.65   0.020   0.59   1.64  4950    1.90   1.50  -3.02   101.3  1  1  44  312  317    105     0.06  Simbad  054.67285  -24.04730
040.8418808  +13.4324978  SG  G004-036        11.49   0.099   0.38   1.21  5810    3.65   1.35  -2.22   221.8  1  3  40  222  235     50    -0.03  Simbad  040.84188  +13.43250
041.1461969  +08.4805861  SG  G004-037        11.43   0.153   0.32   1.04  6110    3.75   1.35  -2.67  -107.8  1  3  40  209  214     50    -0.04  Simbad  041.14620  +08.48059
132.9154583  +18.8888889  MS  G009-027        12.11   0.022   0.57   1.74  5360    4.15   1.00  -1.81   183.3  3  1  28  126  129     20    -0.01  Simbad  132.91546  +18.88889
177.4508333  +06.1478056  MS  G010-054        12.58   0.016   0.58   1.77  5210    4.40   0.80  -2.30    58.9  1  1  31  129  137     15    -0.01  Simbad  177.45083  +06.14781
227.4417458  -04.7518358  MS  G015-010        12.06   0.088   0.56   1.68  5050    4.05   0.90  -2.54    89.8  1  2  46  259  261    100     0.01  Simbad  227.44175  -04.75184
240.3405000  +05.3952222  MS  G016-025        13.34   0.053   0.54   1.57  5250    4.10   1.10  -2.07    23.7  1  2  32  180  184     20     0.00  Simbad  240.34050  +05.39522
318.7019431  +11.0083883  MS  G025-022        12.32   0.088   0.47   1.38  5350    3.95   1.15  -2.33  -150.8  1  1  31  182  184     15    -0.02  Simbad  318.70194  +11.00839
319.1750000  -01.3033333  SG  G025-024        11.63   0.056   0.44   1.35  5670    3.55   1.70  -2.28    43.9  1  1  38  197  204     15    -0.03  Simbad  319.17500  -01.30333
321.6993000  -08.3989056  SG  G026-001        11.27   0.062   0.43   1.33  5860    3.75   1.10  -1.94    15.8  3  3  43  192  199     45    -0.04  Simbad  321.69930  -08.39891
205.0104083  -00.0385556  SG  G064-012        11.49   0.030   0.35   1.21  6030    3.60   1.20  -3.39   442.7  1  1  44  152  160     75    -0.03  Simbad  205.01041  -00.03856
030.9624333  -00.5391778  SG  G071-055        10.78   0.026  99.99  99.99  5550    3.55   1.15  -1.82   -31.1  1  3  41  261  265     70    -0.03  Simbad  030.96243  -00.53918
045.0959500  -05.9637444  SG  G075-056        11.94   0.069   0.38   1.20  6190    3.85   1.45  -2.30    24.1  1  1  34  178  184     25    -0.05  Simbad  045.09595  -05.96374
110.8232208  +19.0157778  MS  G088-023        12.04   0.056   0.43   1.34  5640    3.95   1.30  -1.94  -199.5  1  1  31  194  205     20    -0.04  Simbad  110.82322  +19.01578
112.4618508  +32.8661950  SG  G090-003        10.43   0.066   0.41   1.38  5680    3.60   1.20  -2.24    29.6  1  4  43  229  240     75    -0.04  Simbad  112.46185  +32.86619
118.3880053  +30.6050717  MS  G090-025     c   8.30   0.050   0.56   1.63  5150    4.05   0.90  -2.04  -234.2  1  2  36  203  208     70     0.01  Simbad  118.38801  +30.60507
107.4703542  +42.6537083  SG  G107-050        11.81   0.077   0.41   1.39  6030    3.85   1.20  -1.89   148.7  1  1  28  158  167     10    -0.05  Simbad  107.47035  +42.65371
136.3195064  +38.7985011  MS  G115-049        11.60   0.022   0.48   1.45  5420    3.80   1.30  -2.60   -65.2  1  1  30  156  164     15    -0.02  Simbad  136.31951  +38.79850
180.7679167  +47.3239444  SG  G122-069        12.42   0.020   0.41   1.30  6010    3.70   1.65  -2.50  -100.9  1  1  30   97  104     20    -0.03  Simbad  180.76792  +47.32394
332.8807242  +18.0928258  SG  G126-062     c   9.48   0.053   0.39   1.26  5970    3.85   1.05  -1.70  -290.8  3  2  39  209  217     55    -0.04  Simbad  332.88072  +18.09283
242.5635000  +09.1394444  SG  G137-086        13.06   0.043   0.44   1.23  5820    3.75   1.15  -1.76   -83.6  1  3  35  182  182     25    -0.04  Simbad  242.56350  +09.13944
159.9603750  +42.1514444  MS  G146-056        13.24   0.017   0.61   1.72  5290    4.05   1.20  -1.57  -104.5  1  1  30  133  142     10     0.01  Simbad  159.96037  +42.15144
164.9894917  +44.7788194  RG  G146-076        10.49   0.010   0.66   1.95  4980    2.10   1.30  -2.13  -114.1  1  3  46  239  241     45     0.06  Simbad  164.98949  +44.77882
248.1251083  -08.5606222  MS  G153-064        11.44   0.237   0.46   1.34  5630    4.15   0.90  -1.09   114.1  1  4  39  187  187     40     0.00  Simbad  248.12511  -08.56062
146.4075917  -04.6745028  SG  G161-073        10.84   0.052   0.45   1.36  5680    3.90   1.05  -1.07   121.1  1  2  40  228  230     30    -0.02  Simbad  146.40759  -04.67450
222.5106042  +32.6489694  SG  G166-047        12.04   0.016   0.39   1.29  5960    3.70   1.50  -2.28   -66.2  1  1  34  165  167     15    -0.04  Simbad  222.51060  +32.64897
263.1734381  +23.7365667  RG  G170-047         8.95   0.064   0.58   1.82  4930    1.85   1.50  -2.90  -283.3  1  3  35  229  236     80     0.07  Simbad  263.17344  +23.73657
247.0702878  +44.6772997  MS  G180-058     c  11.31   0.010   0.68   1.89  4980    4.40   0.80  -2.62  -308.3  1  3  42  202  209     40    -0.01  Simbad  247.07029  +44.67730
306.1892181  +25.0519700  SG  G186-026        10.82   0.294   0.11   0.43  5950    3.65   1.45  -2.90  -323.6  1  2  41  157  160     35    -0.02  Simbad  306.18922  +25.05197
325.9880158  +27.3899994  SG  G188-022     c  10.04   0.084   0.41   1.17  5890    3.90   0.95  -1.44   -94.4  1  2  44  269  269     60    -0.04  Simbad  325.98802  +27.39000
328.8172811  +32.6447828  MS  G188-030     c  11.03   0.109   0.54   1.63  5090    4.30   0.85  -2.07  -184.2  1  3  35  202  203     50     0.02  Simbad  328.81728  +32.64478
346.9989667  +41.8556556  MS  G190-010        11.22   0.237   0.37   1.15  5230    4.35   0.70  -1.94  -111.6  3  5  35  156  158     50     0.00  Simbad  346.99897  +41.85566
348.4117519  +39.4173861  MS  G190-015     c  11.04   0.125   0.54   1.61  4950    3.85   1.50  -3.13   -56.3  3  5  38  195  200     60     0.00  Simbad  348.41175  +39.41739
200.1303333  +56.5800833  SG  G199-066        12.68   0.018   0.48   1.46  5560    3.45   1.60  -2.34  -144.1  1  1  28  161  172     20    -0.03  Simbad  200.13033  +56.58008
228.4889917  +53.8643639  SG  G201-044        10.51   0.013   0.44   1.41  6000    3.90   1.05  -1.63  -146.7  3  3  40  224  227     50    -0.05  Simbad  228.48899  +53.86436
278.8298631  +28.6987261  SG  G206-034        11.40   0.155   0.28   0.94  5930    3.60   1.35  -3.13   -85.9  3  3  41  183  191     50    -0.03  Simbad  278.82986  +28.69873
326.9818000  +33.1075528  MS  G214-001        12.08   0.137   0.43   1.31  5370    4.05   0.95  -2.29  -118.4  1  1  31  153  155     15    -0.03  Simbad  326.98180  +33.10755
123.5680592  +68.9220794  SG  G234-028        11.10   0.040   0.44   1.34  5870    3.75   1.20  -1.78    72.0  3  2  39  192  195     35    -0.04  Simbad  123.56806  +68.92208
199.4176667  +64.2534444  SG  G238-030        12.91   0.022   0.45   1.38  5740    3.50   1.65  -3.40   225.9  1  1  32   89   96     20    -0.02  Simbad  199.41767  +64.25344
200.5083750  +68.6729444  MS  G238-032        12.66   0.016   0.74   1.67  5380    4.35   0.75  -1.58  -113.3  1  1  33  190  191     20     0.00  Simbad  200.50837  +68.67294
015.8257114  -27.8805464  RG  HD 6268          8.08   0.017   0.84   2.32  4570    0.70   1.85  -2.69    39.7  1  1  46  266  266     75     0.15  Simbad  015.82571  -27.88055
028.2510214  -34.2934375  RG  HD 11582         9.57   0.016   0.64   1.88  5020    2.20   1.45  -2.03    22.4  1  1  47  243  243    100     0.06  Simbad  028.25102  -34.29344
033.8368894  -25.9152411  RG  HD 13979         9.18   0.014  99.99   2.05  4830    1.60   1.60  -2.72    52.2  1  2  47  297  301    430     0.10  Simbad  033.83689  -25.91524
038.5460286  -12.3842986  SG  HD 16031     c   9.77   0.022   0.42   1.26  5870    3.75   0.90  -1.91    23.0  1  1  41  248  260     60    -0.04  Simbad  038.54603  -12.38430
047.1066233  +26.3309433  SG  HD 19445         8.08   0.148   0.30   1.04  5820    3.65   1.25  -2.40  -139.9  1  1  41  260  262     85    -0.04  Simbad  047.10662  +26.33094
052.2270250  -00.4175306  RG  HD 21581         8.72   0.123   0.63   1.97  4940    2.10   1.50  -1.82   153.7  1  1  44  235  235     90     0.07  Simbad  052.22702  -00.41753
060.2184867  -75.6031822  RG  HD 26169         8.76   0.077   0.58   1.91  4750    1.35   1.60  -2.81   -39.7  0  1  41  276  280     95     0.11  Simbad  060.21849  -75.60318
062.2642400  -15.8908511  RG  HD 26297         7.47   0.032   1.05   2.74  4400    1.10   1.75  -1.72   14.84  9  9  39  196  196    999     0.23  Simbad  062.26424  -15.89085
073.0412922  -27.0641531  SG  HD 31128     c   9.14   0.037   0.45   1.31  5630    3.60   1.10  -1.92   110.7  1  2  42  261  262     60    -0.03  Simbad  073.04129  -27.06415
096.6698892  +03.4249431  RG  HD 45282         8.02   0.567  99.99  99.99  5230    2.90   1.35  -1.73   306.0  1  2  46  239  239     80     0.03  Simbad  096.66989  +03.42494
153.6207647  +53.5609308  RG  HD 88609         8.57   0.009   0.93   2.54  4430    0.50   1.70  -3.08   -37.5  1  2  41  237  240     50     0.15  Simbad  153.62076  +53.56093
162.8671853  +20.2774892  SG  HD 94028     c   8.22   0.027   0.44   1.32  5730    3.70   1.00  -1.81    65.6  1  2  45  245  248     55    -0.03  Simbad  162.86719  +20.27749
183.5553803  -28.2518233  HB  HD 106373        8.92   0.063  99.99   1.31  6040    1.85   2.90  -2.60    83.6  1  1  46  218  224     80     0.05  Simbad  183.55538  -28.25182
186.6534772  +05.3025097  RG  HD 108317    c   8.05   0.018  99.99   1.85  5030    2.10   1.45  -2.60   7.260  2  1  48  298  298     70     0.06  Simbad  186.65348  +05.30251
205.8613533  +15.5752983  HB  HD 119516        9.09   0.032  99.99   1.64  5660    1.90   1.90  -1.93  -285.9  1  1  46  240  241     65     0.05  Simbad  205.86135  +15.57530
210.2588286  -38.0508944  SG  HD 122196    c   8.73   0.092   0.37   1.21  5880    3.80   1.20  -1.79   -27.6  1  1  40  240  242     70    -0.05  Simbad  210.25883  -38.05089
210.6326894  +09.6860967  RG  HD 122563    c   6.20   0.025   0.88   2.39  4500    0.55   1.95  -2.93   -26.1  1  1  47  277  277     85     0.14  Simbad  210.63269  +09.68610
216.3748181  -43.6435956  RG  HD 126238    c   7.66   0.115   0.69   2.00  4750    1.65   1.55  -1.96   252.6  1  1  44  269  269    145     0.12  Simbad  216.37482  -43.64360
216.7515122  -22.2441642  RG  HD 126587        9.12   0.100   0.73   2.18  4640    1.00   1.75  -3.21   149.5  1  3  47  313  316    495     0.13  Simbad  216.75151  -22.24416
219.2021225  -29.1129525  RG  HD 128279    c   8.02   0.100   0.54   1.68  5050    2.15   1.55  -2.64   -75.7  1  4  48  297  299    625     0.05  Simbad  219.20212  -29.11295
224.9573550  -22.0127250  SG  HD 132475    c   8.55   0.107   0.44   1.35  5410    3.50   1.00  -1.65   176.3  1  1  41  266  266    115    -0.02  Simbad  224.95735  -22.01272
281.7768347  +74.7254031  RG  HD 175305        7.18   0.105   0.64   1.83  4920    2.30   1.40  -1.56  -184.2  1  1  44  215  215     60     0.09  Simbad  281.77683  +74.72540
284.7138964  -51.4656892  SG  HD 175606        9.78   0.063   0.38   1.23  5920    3.70   1.20  -2.24   165.4  1  1  45  282  286    160    -0.05  Simbad  284.71390  -51.46569
287.6535544  -43.2767261  HB  HD 178443        9.98   0.090   0.63   1.82  5170    1.45   1.85  -2.02   343.6  1  2  47  293  293    125     0.09  Simbad  287.65355  -43.27673
293.5641133  -16.3167292  HB  HD 184266        7.60   0.128   0.45   1.42  5780    1.85   2.55  -1.74  -349.4  1  1  40  178  183     55     0.04  Simbad  293.56411  -16.31673
296.3089242  -17.4908486  RG  HD 186478        9.15   0.114   0.86   2.39  4540    0.65   1.75  -2.78    30.4  3  1  47  242  242    120     0.15  Simbad  296.30892  -17.49085
298.7903264  +10.7409369  MS  HD 188510        8.82   0.217  99.99  99.99  5210    4.10   0.80  -1.88  -193.4  1  1  43  228  229     55     0.01  Simbad  298.79033  +10.74094
305.8993636  -21.3706183  MS  HD 193901        8.65   0.060   0.49   1.35  5580    4.05   1.10  -1.28  -171.5  1  1  43  199  200    205    -0.01  Simbad  305.89936  -21.37062
310.2057500  -18.7925775  SG  HD 196892        8.24   0.044   0.46   1.30  5670    3.85   1.05  -1.24   -35.7  1  1  39  223  226     50    99.99  Simbad  310.20575  -18.79258
310.1920239  -06.7974039  HB  HD 196944        8.38   0.042  99.99   1.74  5310    1.75   1.65  -2.39 -173.32  2  1  45  234  234    135     0.07  Simbad  310.19202  -06.79740
316.6447911  -49.9639661  RG  HD 200654        9.08   0.029   0.61   1.85  5080    2.25   1.35  -3.06   -44.9  1  2  46  307  307    240     0.05  Simbad  316.64479  -49.96397
317.9959650  +17.7277475  MS  HD 201891        7.37   0.111   0.40   1.14  5840    4.10   1.10  -1.21   -44.6  1  1  39  221  222     60    99.99  Simbad  317.99596  +17.72775
339.4944656  -22.6444881  HB  HD 214362        9.09   0.027   0.47   1.48  5760    1.60   2.25  -2.04   -93.3  1  3  40  202  205     70     0.05  Simbad  339.49447  -22.64449
349.2710156  -13.8509992  SG  HD 219617        8.16   0.033   0.44   1.30  5730    3.70   1.30  -1.83    12.6  1  1  40  246  253     85    99.99  Simbad  349.27102  -13.85100
350.4316139  -49.4875275  RG  HD 220127       10.15   0.012   0.65   1.93  5060    2.40   1.30  -1.85   76.46  2  1  44  231  231     90     0.05  Simbad  350.43161  -49.48753
148.1611819  +57.9162758  RG  HD 237846        9.96   0.011  99.99   2.11  4730    1.30   1.45  -3.14  -303.6  1  2  41  225  231     45     0.11  Simbad  148.16118  +57.91628
073.8612750  -47.8949389  RG  HE 0454-4758    13.48   0.010   0.56   1.78  5140    2.40   1.35  -3.32   240.2  1  1  41  251  256     85     0.04  Simbad  073.86127  -47.89494
145.1800042  +01.0082222  SG  HE 0938+0114    10.21   0.101   0.17   0.67  6030    3.65   1.20  -2.92   -57.2  1  3  40  157  168     60    -0.03  Simbad  145.18000  +01.00822
153.7228333  -15.9314444  RG  HE 1012-1540    14.04   0.070  99.99   1.72  5230    2.65   1.70  -3.76   225.6  2  2  41  133  147     60     0.03  Simbad  153.72283  -15.93144
171.8622583  -23.8682389  RG  HE 1124-2335    14.63   0.047   0.65   2.08  4870    1.65   1.45  -3.26   181.5  1  1  46  266  276     55     0.08  Simbad  171.86226  -23.86824
200.6838081  -13.9253939  RG  HE 1320-1339    10.26   0.066   1.01   1.70  4690    1.20   1.75  -2.93  173.93  2  4  47  297  297     70     0.12  Simbad  200.68381  -13.92539
302.7006747  +23.9651428  SG  HIP 99423        8.88   0.577  99.99  99.99  5520    3.70   1.05  -1.42  -115.7  1  1  44  262  262     60    -0.04  Simbad  302.70067  +23.96514
